2 282 232
1 162
1 229
3 297 64 220
2 210 105
1 207
1 257
3 194 106 290
2 291 144
2 94 187
2 14 254
1 96
1 279
1 36
1 150
2 225 127
1 267
1 124
3 128 17 197
2 62 241
3 114 30 255
2 202 280
1 15
3 4 193 131
1 31
1 251
1 171
1 133
1 253
1 178
1 46
1 176
1 60
2 8 79
1 137
1 216
4 1 226 268 33
2 76 288
2 141 3
1 249
3 59 112 91
1 28
3 83 238 77
2 274 230
2 25 110
1 122
2 109 140
2 153 248
1 183
2 215 198
1 234
1 284
2 45 256
1 174
3 108 97 68
2 147 292
1 116
2 243 209
1 295
3 61 80 272
1 164
1 239
1 228
1 69
1 149
2 172 175
2 22 72
3 102 48 275
1 190
2 63 21
2 67 273
1 56
2 231 6
1 99
2 173 289
2 219 263
3 168 134 152
1 266
2 123 121
1 157
1 92
1 27
1 155
3 211 41 294
2 223 44
2 40 87
2 130 161
1 278
2 73 177
1 101
1 236
2 261 132
2 165 154
1 125
1 195
3 300 158 82
2 169 13
2 100 146
2 7 271
1 199
