1 7025
1 575
1 700
1 6374
1 3546
1 5038
1 4132
1 8728
1 2356
1 7788
1 7707
1 9214
1 5440
1 7330
1 9036
1 1524
1 4218
1 1547
1 641
1 337
1 2037
1 4480
1 4526
1 6797
1 4610
1 3504
1 6580
1 4514
1 8101
1 3244
1 7767
1 321
1 5650
1 2534
1 1861
1 9300
1 9954
1 371
1 1385
1 3103
1 4734
1 7482
1 2923
1 2637
1 6897
1 7036
1 39
1 8054
1 1159
1 9108
1 148
1 9275
1 9422
1 9191
1 7796
1 5822
1 9935
1 6996
1 7693
1 1449
1 8656
1 4552
1 7534
1 3702
1 5231
1 3312
1 6827
1 6665
1 693
1 1346
1 4413
1 7500
1 5064
1 5200
1 7506
1 203
1 1248
1 5896
1 2564
1 3857
1 7616
