2 6521 7986
1 263
1 9703
1 2008
1 9100
1 4145
1 7905
3 2344 125 2497
4 5318 8876 4902 2244
2 4899 2091
1 8453
3 7330 732 60
2 6364 3348
4 5865 5420 8051 1085
2 2694 3127
2 1481 9408
1 5740
2 6073 2450
1 7004
1 8607
2 7883 5756
1 8071
1 2299
1 3906
2 7315 3366
2 2492 7525
3 2736 1333 116
2 6463 8042
2 7029 4204
3 882 3832 4884
3 40 817 2704
1 9510
1 3188
2 3865 9601
2 8039 9170
1 6831
1 5438
2 4999 5203
1 6363
1 8161
2 8992 8171
1 3135
1 1818
3 3199 996 5139
1 4304
1 4997
2 6549 8442
1 8733
2 9504 8217
2 9012 4152
4 2882 1454 9829 9907
1 9765
1 7183
1 606
1 1108
1 6835
2 2606 6579
3 6741 5680 2768
1 559
2 2289 9751
2 9625 3729
1 7477
2 6383 7492
1 6582
2 1774 7242
2 7281 1992
2 8240 4231
3 2205 8412 8483
3 7348 5251 1001
1 7967
2 3509 7931
1 5157
2 5764 6495
2 1722 2255
1 2135
1 265
2 7374 7726
3 8465 7561 8088
1 929
1 2592
2 5427 1205
2 4925 2700
1 9490
1 4302
1 8722
1 4088
2 9101 2195
3 9898 733 5561
3 5378 734 4227
1 9445
1 5322
3 6725 51 5967
2 135 4518
1 3888
1 2788
2 4533 1966
1 3492
1 2985
2 614 5822
2 9752 2284
2 1072 5553
2 4451 3768
1 1595
3 855 5915 8049
2 4185 2287
2 7319 5050
3 3312 2421 1508
1 289
1 3266
2 5626 227
1 3963
1 8886
1 130
3 8668 2779 3403
3 699 3927 4146
3 3878 8947 4364
1 724
1 1681
2 1726 7702
1 6170
1 8894
1 9452
3 4030 7844 7213
1 5998
1 3706
1 1375
1 4136
1 8626
1 3257
3 3626 8006 2727
2 632 7216
3 2148 6475 5590
2 6527 7307
2 3216 1765
4 7197 2111 4655 300
2 2693 4532
1 8566
2 5594 2123
4 1189 8750 4903 2429
2 620 8644
1 1546
1 104
3 8787 4331 7888
2 3631 3599
1 5453
1 4149
4 7388 4515 6558 1810
1 1667
1 2919
1 5152
1 2500
1 5834
2 206 4977
2 2960 4182
3 8869 3484 5405
3 5261 4166 2170
1 9664
2 3829 841
2 4648 5943
2 3164 5954
2 7893 1878
1 2864
1 1692
1 6109
1 5605
2 2262 2805
1 4221
1 5951
2 7206 6336
2 2383 3328
3 5425 9319 7012
1 172
1 6515
1 5073
1 9448
2 2083 2630
1 8047
1 7938
2 4943 1654
3 2113 5551 7836
1 6182
3 8168 9328 6008
1 9098
3 8737 4598 1235
4 6690 5675 2237 1061
1 6936
3 6103 7898 3389
1 381
1 1587
2 2380 4952
1 7254
1 3750
2 1817 9310
2 3062 6647
4 2513 8187 1225 6478
2 2663 448
2 2273 8418
2 5620 8447
1 2243
1 7971
1 9945
2 8245 5989
1 2345
1 8125
2 3091 9330
2 5506 177
1 8403
1 2199
3 3118 3396 4481
2 3174 4661
2 5482 7185
1 1573
2 7294 5698
2 1287 5437
1 1120
1 8746
2 8763 3230
2 6146 3684
1 4736
2 6013 1487
1 8768
2 6481 6315
1 2120
1 947
1 7323
1 655
1 2807
1 2979
4 4885 4582 2706 2629
1 2742
1 4164
1 5896
1 9789
1 4461
2 449 7598
2 2523 7158
1 7799
2 3331 940
1 3549
2 3983 796
1 9690
1 9968
2 3207 1936
2 3941 510
3 20 5909 6918
1 1555
1 1909
1 8354
1 1156
2 4341 9519
3 7502 1126 7372
1 7182
1 939
2 3140 7169
1 3092
2 4576 2764
3 1058 4612 6547
1 1990
2 9587 3797
3 3488 5591 2131
1 6793
2 7788 4168
1 8017
1 9456
3 7106 2194 8157
1 7346
4 6730 1554 5293 6965
1 1824
1 2290
3 6496 2048 9280
3 7395 4853 2530
1 8526
2 5627 8659
1 4307
2 5665 3014
4 9980 1847 3468 2670
1 4573
1 1434
1 3311
4 6492 8011 7816 8664
2 1935 3704
1 4873
1 8459
2 8785 6208
3 9145 9334 5634
2 2647 9569
1 7229
1 7
1 4128
3 7488 1618 1044
1 1042
1 3338
1 1271
1 4945
1 8786
1 1368
1 4250
1 6471
1 1460
1 5045
1 5695
3 7654 5417 2589
1 3981
1 7432
2 7439 3269
2 8273 9236
1 2518
3 7742 1093 1029
1 2722
1 9815
1 7286
2 1976 2118
2 9649 5047
1 965
1 8656
3 826 2078 8026
1 3360
2 6903 4363
2 7712 6787
1 55
1 9881
1 8252
1 9221
3 3802 1217 6622
1 6468
2 5491 4055
3 165 5173 3142
2 4811 1723
2 6132 9961
1 6366
1 7564
3 3214 4448 2050
1 7134
1 7537
1 8684
1 8719
2 2019 2892
1 9159
2 9781 8107
1 9658
2 7268 2285
2 1216 7922
1 2317
1 3722
1 6056
1 6282
3 4674 3060 6560
2 6354 7461
1 540
2 356 4343
3 3796 7834 5151
1 7147
2 8396 8153
1 3516
3 3695 6155 5928
1 205
1 397
2 4075 5941
1 9920
1 447
2 4625 686
2 4190 1577
2 9743 5899
1 9541
1 5759
1 5795
1 8151
1 8249
2 462 1087
1 5137
1 7818
2 2270 3869
2 6531 8358
1 3734
2 4299 5660
1 82
2 2401 8906
1 6693
1 739
2 1210 7240
2 8673 8375
2 9029 6628
2 4233 2337
4 3556 4567 681 1065
2 4803 2966
1 9438
2 2057 4238
2 2769 1344
1 6864
2 7021 5689
1 7497
1 2595
1 6228
1 3121
1 398
1 4988
1 901
1 2699
2 635 963
2 4870 6429
