3 467 8099 6373
1 4033
1 9308
1 517
2 5957 1357
1 2635
1 2954
2 3172 3750
1 3579
2 988 8029
1 6216
2 9390 7719
1 6072
1 7781
2 1127 3963
1 4244
1 1725
1 8490
1 5965
1 284
1 225
1 5630
1 8983
4 168 6920 9567 6723
2 6285 2342
1 9178
2 1367 3986
3 6596 5740 4325
1 1074
1 2136
2 7164 6849
3 282 5763 3081
3 7695 5052 6853
2 814 6734
3 6225 8176 567
1 1216
1 9026
1 3359
1 7191
4 9489 3938 4868 4093
1 6056
1 2743
1 106
1 6772
1 2894
3 6191 2013 878
3 40 2003 78
1 922
3 5029 4823 2873
2 8681 1147
3 9659 385 6570
2 568 5062
1 4065
3 6493 219 850
2 1744 5539
2 6003 8671
2 6728 4534
4 5305 2983 2897 6372
1 6281
1 9546
1 1940
4 7110 2277 9433 7415
2 8102 5777
2 8977 9018
2 8984 585
2 9185 4135
3 2575 3981 9861
1 5174
2 478 9073
1 854
1 4614
2 6429 5306
1 3033
2 4781 8031
1 6599
4 5761 2236 1683 548
2 9697 3616
2 6510 496
2 8274 5197
1 9234
1 5478
1 3238
2 852 1529
1 9767
2 348 6866
2 7777 7912
1 773
3 1810 2655 9017
1 5706
1 3509
1 4777
1 5925
1 7004
1 1358
1 99
1 8343
2 2246 9511
4 9237 4486 1501 4985
4 1286 2643 7315 6944
1 4030
1 5328
1 6264
5 5299 8461 8666 507 4980
2 6305 9959
1 7878
1 7967
1 7851
2 5035 6634
1 3669
1 7957
1 7805
3 9056 9727 6468
1 5828
1 9716
2 7946 2902
3 9875 9012 6414
3 7310 6857 4972
5 6952 3288 5465 3439 7998
1 8144
1 4601
1 1520
1 3691
1 6470
1 2191
1 5281
2 4846 2685
1 3180
1 3082
1 1989
3 3116 9349 1011
3 4220 7958 7190
1 6636
3 1567 6617 4430
1 7369
1 9814
1 9544
1 7775
3 5090 1264 9165
2 2199 797
2 4738 6803
1 5295
1 8151
1 3074
1 1629
2 4981 4406
1 6831
3 4447 1030 2134
2 7561 5365
1 6449
1 4941
2 9027 4340
3 4775 2524 8632
2 5911 8724
2 2402 3139
1 6054
1 3091
2 7394 3931
1 8979
2 8996 2998
2 6187 1941
1 7365
1 8826
1 3349
2 5469 6584
1 3194
2 5789 3602
2 3972 2544
1 1045
1 6388
1 1631
1 5817
1 6304
2 4695 3048
1 5454
1 6061
1 934
1 6876
2 8810 4122
3 4077 9288 3164
4 7725 866 4483 819
4 3182 3701 5720 698
1 5729
2 9965 8685
1 1625
2 374 694
2 5697 1107
1 9405
3 9435 9797 7138
3 4900 8649 9783
1 5652
1 7259
3 1304 523 956
1 2364
1 6234
2 1788 636
2 3156 86
1 6518
2 6526 5453
2 8230 9803
1 2582
3 9030 6697 454
1 4195
2 4298 1766
2 6755 2599
2 4789 2067
1 9685
6 1943 3552 3580 1043 9836 6632
2 3354 5634
1 2932
2 3964 6039
3 8702 8895 6416
3 1437 9428 2286
1 4417
2 6711 6200
1 3640
1 4067
1 121
1 2348
1 2438
3 6936 1421 6459
3 6976 2985 7650
1 9115
2 8581 9343
2 5178 2328
1 5380
1 2975
1 3285
3 3488 1978 8588
1 4816
1 9348
1 1597
2 9381 7408
1 7691
3 1323 9340 7127
1 5111
2 7428 7988
2 9481 6597
2 4813 3664
1 9238
3 6678 5812 782
3 451 5082 5621
1 4360
1 1917
3 2018 3223 8420
1 7921
1 3057
2 820 723
2 2869 9004
1 8646
1 6389
2 200 9714
2 1231 6577
2 5207 7084
2 5026 5560
1 669
2 4321 2943
1 7535
2 1669 2639
2 1563 4874
3 1750 8703 615
2 2521 4059
2 5200 2412
4 6700 4904 5240 2624
2 208 749
1 1455
1 7002
3 8329 1123 4292
1 7065
1 187
2 289 3446
1 2036
1 4977
1 6484
1 8068
1 7228
4 2649 4069 918 2717
2 3497 9913
1 5172
1 5217
1 9513
1 6118
1 8764
1 6549
1 9537
1 317
2 8340 2784
4 2380 8139 1570 5592
1 6748
1 7474
2 8735 1687
2 2993 530
1 5620
2 8756 3442
1 2827
3 2737 442 3460
1 9019
1 3907
1 2100
2 5953 3299
2 7949 760
3 4719 5302 2942
1 5537
1 4833
5 9891 2149 4621 5318 9874
2 1179 544
1 7107
2 9809 4421
2 3577 2247
1 7935
1 8066
2 46 2160
2 7663 5827
3 7285 8598 6640
2 4530 2910
2 7676 1329
1 7976
1 4089
1 6904
2 5876 8853
2 9813 9954
1 2437
1 4055
2 362 1392
2 1719 6321
1 1876
1 5508
3 9931 8781 8195
1 370
1 4671
1 6933
1 6569
2 7626 7270
1 8244
1 302
2 4068 8181
1 5914
2 2840 3768
3 3535 9610 6142
2 8621 6961
2 355 9254
2 4351 4843
3 5672 8186 9901
1 6143
3 9440 2500 4902
1 4076
1 6123
3 9330 6273 42
2 9268 8246
1 4017
2 2948 1732
